-5.700000000000000000e+01 -9.600000000000000000e+01 -1.300000000000000000e+02 1.180000000000000000e+02 0.000000000000000000e+00 9.500000000000000000e+01 0.000000000000000000e+00 0.000000000000000000e+00 -9.500000000000000000e+01 1.360000000000000000e+02 0.000000000000000000e+00 0.000000000000000000e+00 0.000000000000000000e+00 0.000000000000000000e+00 0.000000000000000000e+00 0.000000000000000000e+00
1.240000000000000000e+02 0.000000000000000000e+00 1.420000000000000000e+02 0.000000000000000000e+00 -8.100000000000000000e+01 0.000000000000000000e+00 1.060000000000000000e+02 0.000000000000000000e+00 0.000000000000000000e+00 -5.700000000000000000e+01 0.000000000000000000e+00 0.000000000000000000e+00 0.000000000000000000e+00 0.000000000000000000e+00 0.000000000000000000e+00 0.000000000000000000e+00
-1.470000000000000000e+02 0.000000000000000000e+00 1.250000000000000000e+02 0.000000000000000000e+00 -1.070000000000000000e+02 0.000000000000000000e+00 0.000000000000000000e+00 -1.050000000000000000e+02 0.000000000000000000e+00 -6.400000000000000000e+01 0.000000000000000000e+00 0.000000000000000000e+00 0.000000000000000000e+00 0.000000000000000000e+00 0.000000000000000000e+00 0.000000000000000000e+00
0.000000000000000000e+00 0.000000000000000000e+00 -8.900000000000000000e+01 0.000000000000000000e+00 -8.000000000000000000e+01 0.000000000000000000e+00 0.000000000000000000e+00 -6.200000000000000000e+01 0.000000000000000000e+00 0.000000000000000000e+00 0.000000000000000000e+00 0.000000000000000000e+00 0.000000000000000000e+00 0.000000000000000000e+00 0.000000000000000000e+00 0.000000000000000000e+00
0.000000000000000000e+00 0.000000000000000000e+00 0.000000000000000000e+00 0.000000000000000000e+00 -8.600000000000000000e+01 0.000000000000000000e+00 -1.380000000000000000e+02 -2.700000000000000000e+01 0.000000000000000000e+00 0.000000000000000000e+00 0.000000000000000000e+00 0.000000000000000000e+00 0.000000000000000000e+00 0.000000000000000000e+00 0.000000000000000000e+00 0.000000000000000000e+00
0.000000000000000000e+00 0.000000000000000000e+00 0.000000000000000000e+00 0.000000000000000000e+00 0.000000000000000000e+00 0.000000000000000000e+00 0.000000000000000000e+00 -1.450000000000000000e+02 0.000000000000000000e+00 0.000000000000000000e+00 0.000000000000000000e+00 0.000000000000000000e+00 0.000000000000000000e+00 0.000000000000000000e+00 0.000000000000000000e+00 0.000000000000000000e+00
-1.110000000000000000e+02 -7.100000000000000000e+01 0.000000000000000000e+00 0.000000000000000000e+00 -9.300000000000000000e+01 9.900000000000000000e+01 1.210000000000000000e+02 0.000000000000000000e+00 1.150000000000000000e+02 0.000000000000000000e+00 0.000000000000000000e+00 0.000000000000000000e+00 0.000000000000000000e+00 0.000000000000000000e+00 0.000000000000000000e+00 0.000000000000000000e+00
1.600000000000000000e+02 1.100000000000000000e+02 -7.900000000000000000e+01 0.000000000000000000e+00 -1.360000000000000000e+02 -1.080000000000000000e+02 1.020000000000000000e+02 0.000000000000000000e+00 1.120000000000000000e+02 -1.040000000000000000e+02 0.000000000000000000e+00 0.000000000000000000e+00 0.000000000000000000e+00 0.000000000000000000e+00 0.000000000000000000e+00 0.000000000000000000e+00
1.480000000000000000e+02 -1.000000000000000000e+02 0.000000000000000000e+00 -8.400000000000000000e+01 0.000000000000000000e+00 0.000000000000000000e+00 1.220000000000000000e+02 0.000000000000000000e+00 0.000000000000000000e+00 0.000000000000000000e+00 0.000000000000000000e+00 0.000000000000000000e+00 0.000000000000000000e+00 0.000000000000000000e+00 0.000000000000000000e+00 0.000000000000000000e+00
0.000000000000000000e+00 -9.700000000000000000e+01 0.000000000000000000e+00 0.000000000000000000e+00 0.000000000000000000e+00 0.000000000000000000e+00 -6.800000000000000000e+01 0.000000000000000000e+00 0.000000000000000000e+00 0.000000000000000000e+00 0.000000000000000000e+00 0.000000000000000000e+00 0.000000000000000000e+00 0.000000000000000000e+00 0.000000000000000000e+00 0.000000000000000000e+00
0.000000000000000000e+00 -1.190000000000000000e+02 0.000000000000000000e+00 -7.700000000000000000e+01 0.000000000000000000e+00 0.000000000000000000e+00 8.800000000000000000e+01 0.000000000000000000e+00 0.000000000000000000e+00 0.000000000000000000e+00 0.000000000000000000e+00 0.000000000000000000e+00 0.000000000000000000e+00 0.000000000000000000e+00 0.000000000000000000e+00 0.000000000000000000e+00
-1.150000000000000000e+02 1.100000000000000000e+02 0.000000000000000000e+00 1.100000000000000000e+02 0.000000000000000000e+00 1.070000000000000000e+02 0.000000000000000000e+00 -1.140000000000000000e+02 0.000000000000000000e+00 0.000000000000000000e+00 0.000000000000000000e+00 0.000000000000000000e+00 0.000000000000000000e+00 0.000000000000000000e+00 0.000000000000000000e+00 0.000000000000000000e+00
0.000000000000000000e+00 -9.300000000000000000e+01 0.000000000000000000e+00 8.800000000000000000e+01 -8.900000000000000000e+01 1.080000000000000000e+02 9.000000000000000000e+01 -8.700000000000000000e+01 0.000000000000000000e+00 0.000000000000000000e+00 0.000000000000000000e+00 0.000000000000000000e+00 0.000000000000000000e+00 0.000000000000000000e+00 0.000000000000000000e+00 0.000000000000000000e+00
0.000000000000000000e+00 -1.260000000000000000e+02 0.000000000000000000e+00 -8.700000000000000000e+01 -6.400000000000000000e+01 0.000000000000000000e+00 -8.600000000000000000e+01 0.000000000000000000e+00 0.000000000000000000e+00 -8.600000000000000000e+01 0.000000000000000000e+00 0.000000000000000000e+00 0.000000000000000000e+00 0.000000000000000000e+00 0.000000000000000000e+00 0.000000000000000000e+00
0.000000000000000000e+00 0.000000000000000000e+00 0.000000000000000000e+00 0.000000000000000000e+00 -1.010000000000000000e+02 0.000000000000000000e+00 -6.500000000000000000e+01 0.000000000000000000e+00 0.000000000000000000e+00 -9.500000000000000000e+01 0.000000000000000000e+00 0.000000000000000000e+00 0.000000000000000000e+00 0.000000000000000000e+00 0.000000000000000000e+00 0.000000000000000000e+00
0.000000000000000000e+00 0.000000000000000000e+00 0.000000000000000000e+00 0.000000000000000000e+00 0.000000000000000000e+00 0.000000000000000000e+00 -7.700000000000000000e+01 0.000000000000000000e+00 0.000000000000000000e+00 -9.600000000000000000e+01 0.000000000000000000e+00 0.000000000000000000e+00 0.000000000000000000e+00 0.000000000000000000e+00 0.000000000000000000e+00 0.000000000000000000e+00
-1.140000000000000000e+02 -4.300000000000000000e+01 1.150000000000000000e+02 0.000000000000000000e+00 -1.320000000000000000e+02 0.000000000000000000e+00 -7.300000000000000000e+01 -1.120000000000000000e+02 -1.070000000000000000e+02 0.000000000000000000e+00 0.000000000000000000e+00 0.000000000000000000e+00 0.000000000000000000e+00 0.000000000000000000e+00 0.000000000000000000e+00 0.000000000000000000e+00
-8.900000000000000000e+01 -1.680000000000000000e+02 -1.350000000000000000e+02 9.600000000000000000e+01 0.000000000000000000e+00 -9.600000000000000000e+01 -9.200000000000000000e+01 0.000000000000000000e+00 -9.300000000000000000e+01 0.000000000000000000e+00 0.000000000000000000e+00 0.000000000000000000e+00 0.000000000000000000e+00 0.000000000000000000e+00 0.000000000000000000e+00 0.000000000000000000e+00
-1.230000000000000000e+02 0.000000000000000000e+00 0.000000000000000000e+00 -9.600000000000000000e+01 -6.600000000000000000e+01 1.030000000000000000e+02 0.000000000000000000e+00 0.000000000000000000e+00 0.000000000000000000e+00 -9.100000000000000000e+01 0.000000000000000000e+00 0.000000000000000000e+00 0.000000000000000000e+00 0.000000000000000000e+00 0.000000000000000000e+00 0.000000000000000000e+00
0.000000000000000000e+00 0.000000000000000000e+00 0.000000000000000000e+00 0.000000000000000000e+00 -1.110000000000000000e+02 9.400000000000000000e+01 0.000000000000000000e+00 0.000000000000000000e+00 0.000000000000000000e+00 -7.100000000000000000e+01 0.000000000000000000e+00 0.000000000000000000e+00 0.000000000000000000e+00 0.000000000000000000e+00 0.000000000000000000e+00 0.000000000000000000e+00
0.000000000000000000e+00 0.000000000000000000e+00 0.000000000000000000e+00 0.000000000000000000e+00 0.000000000000000000e+00 -9.000000000000000000e+01 0.000000000000000000e+00 0.000000000000000000e+00 0.000000000000000000e+00 0.000000000000000000e+00 0.000000000000000000e+00 0.000000000000000000e+00 0.000000000000000000e+00 0.000000000000000000e+00 0.000000000000000000e+00 0.000000000000000000e+00
9.100000000000000000e+01 -1.270000000000000000e+02 0.000000000000000000e+00 -1.190000000000000000e+02 0.000000000000000000e+00 9.400000000000000000e+01 0.000000000000000000e+00 -5.900000000000000000e+01 0.000000000000000000e+00 0.000000000000000000e+00 0.000000000000000000e+00 0.000000000000000000e+00 0.000000000000000000e+00 0.000000000000000000e+00 0.000000000000000000e+00 0.000000000000000000e+00
0.000000000000000000e+00 -8.700000000000000000e+01 0.000000000000000000e+00 0.000000000000000000e+00 0.000000000000000000e+00 -1.060000000000000000e+02 0.000000000000000000e+00 1.140000000000000000e+02 0.000000000000000000e+00 0.000000000000000000e+00 0.000000000000000000e+00 0.000000000000000000e+00 0.000000000000000000e+00 0.000000000000000000e+00 0.000000000000000000e+00 0.000000000000000000e+00
0.000000000000000000e+00 0.000000000000000000e+00 0.000000000000000000e+00 0.000000000000000000e+00 0.000000000000000000e+00 0.000000000000000000e+00 0.000000000000000000e+00 0.000000000000000000e+00 -1.200000000000000000e+02 0.000000000000000000e+00 0.000000000000000000e+00 0.000000000000000000e+00 0.000000000000000000e+00 0.000000000000000000e+00 0.000000000000000000e+00 0.000000000000000000e+00
