1.309423923492431641e+00 1.112549424171447754e+00 0.000000000000000000e+00 2.028501987457275391e+00 -0.000000000000000000e+00 1.320977926254272461e+00 7.044225335121154785e-01 -8.890926241874694824e-01 1.572159051895141602e+00 1.721422672271728516e+00
1.256857991218566895e+00 1.548984795808792114e-01 1.448985695838928223e+00 -0.000000000000000000e+00 1.633090615272521973e+00 7.287319302558898926e-01 -0.000000000000000000e+00 9.508787393569946289e-01 1.121810317039489746e+00 -9.374611973762512207e-01
-0.000000000000000000e+00 0.000000000000000000e+00 0.000000000000000000e+00 8.461053371429443359e-01 0.000000000000000000e+00 -2.348067760467529297e+00 1.119791641831398010e-01 -0.000000000000000000e+00 -9.197825789451599121e-01 0.000000000000000000e+00
0.000000000000000000e+00 -0.000000000000000000e+00 -0.000000000000000000e+00 9.191784858703613281e-01 1.483663678169250488e+00 3.922104239463806152e-01 -0.000000000000000000e+00 -0.000000000000000000e+00 1.194028377532958984e+00 0.000000000000000000e+00
5.970472097396850586e-01 0.000000000000000000e+00 -2.301708936691284180e+00 0.000000000000000000e+00 1.075098514556884766e+00 -0.000000000000000000e+00 -0.000000000000000000e+00 -0.000000000000000000e+00 -3.171099424362182617e-01 7.990441918373107910e-01
1.612320303916931152e+00 1.434723615646362305e+00 0.000000000000000000e+00 4.102770090103149414e-01 -0.000000000000000000e+00 9.265167117118835449e-01 0.000000000000000000e+00 -0.000000000000000000e+00 1.770627260208129883e+00 1.557163000106811523e+00
-2.119625806808471680e+00 0.000000000000000000e+00 1.102186203002929688e+00 0.000000000000000000e+00 0.000000000000000000e+00 -0.000000000000000000e+00 -2.107614092528820038e-02 4.636661410331726074e-01 1.259169459342956543e+00 9.751432538032531738e-01
-7.628710567951202393e-02 -3.283445239067077637e-01 0.000000000000000000e+00 0.000000000000000000e+00 -0.000000000000000000e+00 -0.000000000000000000e+00 3.902922868728637695e-01 1.238264203071594238e+00 -1.302049398422241211e+00 0.000000000000000000e+00
1.104106664657592773e+00 7.445278763771057129e-01 -0.000000000000000000e+00 0.000000000000000000e+00 -0.000000000000000000e+00 0.000000000000000000e+00 0.000000000000000000e+00 0.000000000000000000e+00 1.553292155265808105e+00 1.211408853530883789e+00
0.000000000000000000e+00 -0.000000000000000000e+00 -0.000000000000000000e+00 0.000000000000000000e+00 0.000000000000000000e+00 -0.000000000000000000e+00 1.364831328392028809e-01 -0.000000000000000000e+00 5.502597689628601074e-01 0.000000000000000000e+00
1.499958336353302002e-01 0.000000000000000000e+00 0.000000000000000000e+00 9.825475215911865234e-01 6.922776103019714355e-01 8.798116445541381836e-01 1.963578939437866211e+00 -0.000000000000000000e+00 4.633008241653442383e-01 0.000000000000000000e+00
1.467714786529541016e+00 -2.800079584121704102e-01 8.845939636230468750e-01 -0.000000000000000000e+00 0.000000000000000000e+00 -0.000000000000000000e+00 4.742145240306854248e-01 -0.000000000000000000e+00 0.000000000000000000e+00 0.000000000000000000e+00
1.710365176200866699e+00 1.167630672454833984e+00 1.193894505500793457e+00 1.447940230369567871e+00 2.178675651550292969e+00 1.686080098152160645e+00 -0.000000000000000000e+00 1.171027421951293945e+00 -8.149968385696411133e-01 -0.000000000000000000e+00
-0.000000000000000000e+00 -0.000000000000000000e+00 0.000000000000000000e+00 0.000000000000000000e+00 -0.000000000000000000e+00 9.425591826438903809e-01 1.233077883720397949e+00 0.000000000000000000e+00 -0.000000000000000000e+00 4.992695450782775879e-01
-0.000000000000000000e+00 -6.189789772033691406e-01 -0.000000000000000000e+00 -0.000000000000000000e+00 0.000000000000000000e+00 5.832055211067199707e-01 1.532089233398437500e+00 0.000000000000000000e+00 -2.191847264766693115e-01 0.000000000000000000e+00
-0.000000000000000000e+00 -3.625889718532562256e-01 -3.228082180023193359e+00 -0.000000000000000000e+00 0.000000000000000000e+00 2.976639568805694580e-01 -0.000000000000000000e+00 -1.607078909873962402e-01 -0.000000000000000000e+00 -4.747244417667388916e-01
0.000000000000000000e+00 7.593419551849365234e-01 1.086526155471801758e+00 3.537465929985046387e-01 -0.000000000000000000e+00 7.909277081489562988e-01 0.000000000000000000e+00 0.000000000000000000e+00 -0.000000000000000000e+00 -0.000000000000000000e+00
4.105684459209442139e-01 1.502763509750366211e+00 5.859550833702087402e-01 1.347189664840698242e+00 2.353019118309020996e-01 0.000000000000000000e+00 1.586256742477416992e+00 -0.000000000000000000e+00 0.000000000000000000e+00 0.000000000000000000e+00
5.299226641654968262e-01 1.767135143280029297e+00 1.272786498069763184e+00 0.000000000000000000e+00 -0.000000000000000000e+00 2.276210188865661621e-01 -0.000000000000000000e+00 1.566758990287780762e+00 1.292655706405639648e+00 1.393812775611877441e+00
1.680926322937011719e+00 4.487346112728118896e-01 0.000000000000000000e+00 8.583991527557373047e-01 -6.056299209594726562e-01 0.000000000000000000e+00 1.178542733192443848e+00 6.276401281356811523e-01 6.597933769226074219e-01 -0.000000000000000000e+00
-0.000000000000000000e+00 8.211558461189270020e-01 3.887184560298919678e-01 1.769595265388488770e+00 9.227076768875122070e-01 1.000183939933776855e+00 0.000000000000000000e+00 7.868254184722900391e-02 1.483304977416992188e+00 7.773764729499816895e-01
1.067854285240173340e+00 3.207869082689285278e-02 1.125626444816589355e+00 0.000000000000000000e+00 4.937453866004943848e-01 -0.000000000000000000e+00 0.000000000000000000e+00 1.096631288528442383e+00 -0.000000000000000000e+00 0.000000000000000000e+00
-0.000000000000000000e+00 -0.000000000000000000e+00 0.000000000000000000e+00 -0.000000000000000000e+00 -0.000000000000000000e+00 0.000000000000000000e+00 6.346844434738159180e-01 0.000000000000000000e+00 0.000000000000000000e+00 -0.000000000000000000e+00
1.140613555908203125e+00 1.479125142097473145e+00 1.711819887161254883e+00 1.142297834157943726e-01 1.681484580039978027e+00 -0.000000000000000000e+00 2.143584728240966797e+00 1.223107337951660156e+00 -0.000000000000000000e+00 1.231529831886291504e+00
1.759546995162963867e+00 0.000000000000000000e+00 1.405973553657531738e+00 -0.000000000000000000e+00 1.566085457801818848e+00 -5.819427967071533203e-01 4.128454998135566711e-02 0.000000000000000000e+00 -0.000000000000000000e+00 0.000000000000000000e+00
4.057541489601135254e-01 -0.000000000000000000e+00 0.000000000000000000e+00 1.841494202613830566e+00 7.677322626113891602e-01 -0.000000000000000000e+00 9.663348197937011719e-01 1.183646917343139648e+00 8.168966770172119141e-01 1.971594691276550293e-01
-6.445884704589843750e-01 -0.000000000000000000e+00 1.963421404361724854e-01 1.646101713180541992e+00 0.000000000000000000e+00 -0.000000000000000000e+00 2.836092710494995117e-01 0.000000000000000000e+00 0.000000000000000000e+00 -0.000000000000000000e+00
8.646974563598632812e-01 1.325544476509094238e+00 0.000000000000000000e+00 1.693472564220428467e-01 6.827668547630310059e-01 0.000000000000000000e+00 4.368817508220672607e-01 1.560149669647216797e+00 1.554882168769836426e+00 0.000000000000000000e+00
0.000000000000000000e+00 -1.662017107009887695e+00 -2.515298843383789062e+00 -0.000000000000000000e+00 0.000000000000000000e+00 -0.000000000000000000e+00 0.000000000000000000e+00 -0.000000000000000000e+00 -0.000000000000000000e+00 0.000000000000000000e+00
6.233865022659301758e-01 9.599819183349609375e-01 -0.000000000000000000e+00 0.000000000000000000e+00 -0.000000000000000000e+00 0.000000000000000000e+00 0.000000000000000000e+00 1.285347819328308105e+00 -0.000000000000000000e+00 0.000000000000000000e+00
1.414941310882568359e+00 -8.042035698890686035e-01 1.205778241157531738e+00 7.432789802551269531e-01 9.262799620628356934e-01 -0.000000000000000000e+00 -4.375016093254089355e-01 1.241408467292785645e+00 -0.000000000000000000e+00 -2.393120229244232178e-01
3.651992678642272949e-01 0.000000000000000000e+00 7.072352766990661621e-01 -0.000000000000000000e+00 1.952413082122802734e+00 1.310508012771606445e+00 9.570233225822448730e-01 -0.000000000000000000e+00 2.104504555463790894e-01 1.040236592292785645e+00
-0.000000000000000000e+00 4.389452636241912842e-01 6.567383408546447754e-01 2.098815202713012695e+00 0.000000000000000000e+00 1.781174540519714355e+00 1.217681646347045898e+00 1.121253728866577148e+00 0.000000000000000000e+00 2.708101272583007812e-01
-0.000000000000000000e+00 1.351494550704956055e+00 -0.000000000000000000e+00 0.000000000000000000e+00 1.209868788719177246e+00 1.577486276626586914e+00 -2.505190074443817139e-01 0.000000000000000000e+00 -2.125827819108963013e-01 1.527207016944885254e+00
0.000000000000000000e+00 0.000000000000000000e+00 -0.000000000000000000e+00 0.000000000000000000e+00 0.000000000000000000e+00 9.954205751419067383e-01 7.739918828010559082e-01 -0.000000000000000000e+00 1.088227033615112305e+00 1.028140425682067871e+00
-2.462396621704101562e+00 7.557468861341476440e-02 0.000000000000000000e+00 -0.000000000000000000e+00 0.000000000000000000e+00 6.033666133880615234e-01 -0.000000000000000000e+00 -0.000000000000000000e+00 -7.215929627418518066e-01 2.415524125099182129e-01
5.737850666046142578e-01 -6.484979391098022461e-02 -9.878524579107761383e-03 6.240990757942199707e-01 1.279401540756225586e+00 -0.000000000000000000e+00 -7.266098260879516602e-01 2.029676675796508789e+00 5.090209841728210449e-01 5.340714454650878906e-01
-0.000000000000000000e+00 3.152067363262176514e-01 1.161128401756286621e+00 1.028552174568176270e+00 1.122989177703857422e+00 1.808411359786987305e+00 -0.000000000000000000e+00 -0.000000000000000000e+00 -0.000000000000000000e+00 2.584733664989471436e-01
1.688332319259643555e+00 1.820819973945617676e+00 -0.000000000000000000e+00 -1.315810441970825195e+00 0.000000000000000000e+00 -0.000000000000000000e+00 0.000000000000000000e+00 -0.000000000000000000e+00 -0.000000000000000000e+00 0.000000000000000000e+00
2.127553462982177734e+00 1.482120990753173828e+00 0.000000000000000000e+00 0.000000000000000000e+00 2.271043062210083008e-01 8.754746057093143463e-03 4.756780564785003662e-01 7.232034206390380859e-01 2.266272068023681641e+00 1.142485976219177246e+00
7.812578678131103516e-01 0.000000000000000000e+00 -0.000000000000000000e+00 0.000000000000000000e+00 4.782992973923683167e-02 0.000000000000000000e+00 0.000000000000000000e+00 0.000000000000000000e+00 -0.000000000000000000e+00 -0.000000000000000000e+00
-0.000000000000000000e+00 2.182089805603027344e+00 3.854328989982604980e-01 2.064887285232543945e+00 -0.000000000000000000e+00 1.695332050323486328e+00 2.182165384292602539e+00 7.584890127182006836e-01 9.514036178588867188e-01 6.944087743759155273e-01
-0.000000000000000000e+00 9.513836503028869629e-01 1.343227148056030273e+00 -0.000000000000000000e+00 1.519075870513916016e+00 0.000000000000000000e+00 3.928950056433677673e-03 3.941025733947753906e-01 1.524542808532714844e+00 0.000000000000000000e+00
-8.465767651796340942e-02 3.061879277229309082e-01 0.000000000000000000e+00 2.166548967361450195e-01 0.000000000000000000e+00 -3.385586738586425781e-01 -2.895548582077026367e+00 -0.000000000000000000e+00 2.746117115020751953e-01 -3.793250322341918945e-01
4.933015704154968262e-01 1.358731150627136230e+00 -0.000000000000000000e+00 0.000000000000000000e+00 0.000000000000000000e+00 -0.000000000000000000e+00 1.245479583740234375e+00 0.000000000000000000e+00 2.550900280475616455e-01 0.000000000000000000e+00
-0.000000000000000000e+00 1.458412528038024902e+00 0.000000000000000000e+00 1.466194987297058105e+00 -0.000000000000000000e+00 6.258461475372314453e-01 1.470658779144287109e+00 0.000000000000000000e+00 9.332970380783081055e-01 1.606238007545471191e+00
1.509227275848388672e+00 8.945620656013488770e-01 0.000000000000000000e+00 0.000000000000000000e+00 -3.992282152175903320e-01 3.033084869384765625e-01 1.332332968711853027e+00 7.834476828575134277e-01 -0.000000000000000000e+00 0.000000000000000000e+00
-0.000000000000000000e+00 0.000000000000000000e+00 0.000000000000000000e+00 0.000000000000000000e+00 -6.340174078941345215e-01 0.000000000000000000e+00 1.721121549606323242e+00 -7.255054116249084473e-01 1.079970121383666992e+00 -0.000000000000000000e+00
-0.000000000000000000e+00 1.196200773119926453e-02 1.413868188858032227e+00 1.163938045501708984e+00 -8.827964663505554199e-01 1.047109484672546387e+00 4.351006448268890381e-01 5.441662073135375977e-01 0.000000000000000000e+00 -1.156662464141845703e+00
1.796000242233276367e+00 0.000000000000000000e+00 -0.000000000000000000e+00 -0.000000000000000000e+00 -1.157140254974365234e+00 0.000000000000000000e+00 5.468290448188781738e-01 7.690824866294860840e-01 -0.000000000000000000e+00 0.000000000000000000e+00
-0.000000000000000000e+00 1.027586579322814941e+00 1.395376324653625488e+00 -0.000000000000000000e+00 0.000000000000000000e+00 0.000000000000000000e+00 1.428324580192565918e+00 5.097016096115112305e-01 9.909695982933044434e-01 8.769088983535766602e-01
4.914895594120025635e-01 0.000000000000000000e+00 -0.000000000000000000e+00 1.862919211387634277e+00 4.092314541339874268e-01 1.147709012031555176e+00 -3.730187714099884033e-01 0.000000000000000000e+00 6.721130609512329102e-01 0.000000000000000000e+00
2.013581395149230957e-01 5.889167785644531250e-01 4.259058833122253418e-01 0.000000000000000000e+00 1.516243815422058105e+00 0.000000000000000000e+00 -0.000000000000000000e+00 1.603163361549377441e+00 -0.000000000000000000e+00 3.636043071746826172e-01
0.000000000000000000e+00 -0.000000000000000000e+00 7.486009597778320312e-01 0.000000000000000000e+00 0.000000000000000000e+00 0.000000000000000000e+00 -0.000000000000000000e+00 -0.000000000000000000e+00 5.563719272613525391e-01 -0.000000000000000000e+00
0.000000000000000000e+00 1.528980374336242676e+00 0.000000000000000000e+00 1.730664849281311035e+00 0.000000000000000000e+00 1.237186431884765625e+00 1.542382240295410156e+00 1.650196313858032227e+00 -0.000000000000000000e+00 1.720593452453613281e+00
-0.000000000000000000e+00 0.000000000000000000e+00 9.739039093255996704e-02 -0.000000000000000000e+00 -2.968949794769287109e+00 -0.000000000000000000e+00 -0.000000000000000000e+00 8.236992955207824707e-01 0.000000000000000000e+00 0.000000000000000000e+00
2.025037050247192383e+00 0.000000000000000000e+00 1.270074367523193359e+00 1.372309565544128418e+00 2.063226461410522461e+00 0.000000000000000000e+00 3.487933874130249023e-01 1.440827965736389160e+00 7.687767148017883301e-01 1.325408577919006348e+00
0.000000000000000000e+00 0.000000000000000000e+00 1.970163136720657349e-01 -0.000000000000000000e+00 0.000000000000000000e+00 4.121836125850677490e-01 -0.000000000000000000e+00 8.624336123466491699e-01 1.863353967666625977e+00 -4.026430845260620117e-01
0.000000000000000000e+00 -0.000000000000000000e+00 -0.000000000000000000e+00 0.000000000000000000e+00 -0.000000000000000000e+00 0.000000000000000000e+00 0.000000000000000000e+00 0.000000000000000000e+00 8.630289435386657715e-01 -0.000000000000000000e+00
1.039176225662231445e+00 -0.000000000000000000e+00 1.083052277565002441e+00 -0.000000000000000000e+00 7.582782506942749023e-01 1.625381588935852051e+00 -7.462200522422790527e-01 1.067954063415527344e+00 -6.682572960853576660e-01 9.006322026252746582e-01
0.000000000000000000e+00 -0.000000000000000000e+00 -0.000000000000000000e+00 1.267564177513122559e+00 1.725881338119506836e+00 1.411711692810058594e+00 1.186829090118408203e+00 1.194460391998291016e+00 0.000000000000000000e+00 -0.000000000000000000e+00
-0.000000000000000000e+00 1.082609415054321289e+00 -0.000000000000000000e+00 -0.000000000000000000e+00 1.320152282714843750e+00 1.155789971351623535e+00 1.540371060371398926e+00 0.000000000000000000e+00 -2.710650563240051270e-01 0.000000000000000000e+00
-0.000000000000000000e+00 8.920435309410095215e-01 5.413013100624084473e-01 0.000000000000000000e+00 4.261710643768310547e-01 1.582075834274291992e+00 -0.000000000000000000e+00 1.336689949035644531e+00 7.213465571403503418e-01 0.000000000000000000e+00
1.079796478152275085e-01 7.862565517425537109e-01 9.959943294525146484e-01 -0.000000000000000000e+00 0.000000000000000000e+00 -0.000000000000000000e+00 6.411488056182861328e-01 1.788878560066223145e+00 -9.784879535436630249e-02 3.303014039993286133e-01
-9.859463572502136230e-01 -0.000000000000000000e+00 -0.000000000000000000e+00 0.000000000000000000e+00 -1.280826449394226074e+00 1.534679770469665527e+00 -0.000000000000000000e+00 -0.000000000000000000e+00 1.189515829086303711e+00 0.000000000000000000e+00
-9.649234414100646973e-01 0.000000000000000000e+00 -0.000000000000000000e+00 1.561334252357482910e+00 0.000000000000000000e+00 1.921934127807617188e+00 -5.380615592002868652e-01 3.675152659416198730e-01 -0.000000000000000000e+00 0.000000000000000000e+00
-0.000000000000000000e+00 -1.799848675727844238e-02 -0.000000000000000000e+00 -0.000000000000000000e+00 0.000000000000000000e+00 0.000000000000000000e+00 1.200708031654357910e+00 -0.000000000000000000e+00 -8.987224102020263672e-01 -6.120142340660095215e-01
-0.000000000000000000e+00 0.000000000000000000e+00 1.453032732009887695e+00 -0.000000000000000000e+00 -0.000000000000000000e+00 -1.038925275206565857e-01 -0.000000000000000000e+00 0.000000000000000000e+00 -6.439889073371887207e-01 8.992647528648376465e-01
0.000000000000000000e+00 1.206016302108764648e+00 -7.174006849527359009e-02 9.725109338760375977e-01 0.000000000000000000e+00 1.273168683052062988e+00 -0.000000000000000000e+00 -0.000000000000000000e+00 1.141696572303771973e+00 9.450450539588928223e-01
1.402442216873168945e+00 7.049565315246582031e-01 3.299720957875251770e-02 0.000000000000000000e+00 -0.000000000000000000e+00 0.000000000000000000e+00 0.000000000000000000e+00 1.332551002502441406e+00 -0.000000000000000000e+00 7.223812937736511230e-01
-3.280643701553344727e+00 5.079744458198547363e-01 2.585417032241821289e-01 0.000000000000000000e+00 -0.000000000000000000e+00 -5.339582636952400208e-02 5.976405739784240723e-01 7.474718093872070312e-01 -0.000000000000000000e+00 4.131143987178802490e-01
-0.000000000000000000e+00 5.752217173576354980e-01 6.657820940017700195e-01 0.000000000000000000e+00 1.432991981506347656e+00 -0.000000000000000000e+00 -0.000000000000000000e+00 7.799952626228332520e-01 0.000000000000000000e+00 5.662267804145812988e-01
-0.000000000000000000e+00 0.000000000000000000e+00 1.674280762672424316e+00 1.457076311111450195e+00 1.435463428497314453e+00 8.283000588417053223e-01 7.692391276359558105e-01 -0.000000000000000000e+00 9.425530582666397095e-02 1.276812516152858734e-02
1.532918214797973633e+00 -0.000000000000000000e+00 0.000000000000000000e+00 -0.000000000000000000e+00 0.000000000000000000e+00 -0.000000000000000000e+00 1.082396864891052246e+00 9.894566535949707031e-01 8.076589107513427734e-01 0.000000000000000000e+00
0.000000000000000000e+00 8.335645794868469238e-01 -0.000000000000000000e+00 0.000000000000000000e+00 -0.000000000000000000e+00 1.311569571495056152e+00 -2.095445394515991211e-01 7.966116666793823242e-01 -5.486593022942543030e-02 6.011074781417846680e-01
6.503979563713073730e-01 -3.227117538452148438e+00 -0.000000000000000000e+00 -0.000000000000000000e+00 -1.125078320503234863e+00 -0.000000000000000000e+00 -0.000000000000000000e+00 -0.000000000000000000e+00 -0.000000000000000000e+00 0.000000000000000000e+00
0.000000000000000000e+00 1.071324467658996582e+00 6.288170814514160156e-01 0.000000000000000000e+00 -0.000000000000000000e+00 1.035540819168090820e+00 -0.000000000000000000e+00 1.378395438194274902e+00 -0.000000000000000000e+00 0.000000000000000000e+00
1.639331102371215820e+00 7.879930734634399414e-01 7.460863590240478516e-01 0.000000000000000000e+00 -0.000000000000000000e+00 -0.000000000000000000e+00 -0.000000000000000000e+00 1.454676501452922821e-02 -0.000000000000000000e+00 1.162000775337219238e+00
9.979525208473205566e-01 1.371048688888549805e+00 -0.000000000000000000e+00 0.000000000000000000e+00 -5.185517072677612305e-01 9.860129356384277344e-01 -0.000000000000000000e+00 -0.000000000000000000e+00 1.125071048736572266e+00 -6.645173430442810059e-01
0.000000000000000000e+00 8.780971765518188477e-01 1.490779280662536621e+00 9.293307662010192871e-01 -7.309447973966598511e-02 -0.000000000000000000e+00 -0.000000000000000000e+00 -0.000000000000000000e+00 0.000000000000000000e+00 0.000000000000000000e+00
-0.000000000000000000e+00 0.000000000000000000e+00 -2.491282463073730469e+00 -0.000000000000000000e+00 0.000000000000000000e+00 -1.131745815277099609e+00 6.549692153930664062e-01 -0.000000000000000000e+00 -6.260090321302413940e-02 0.000000000000000000e+00
5.261130928993225098e-01 7.756443023681640625e-01 1.562795162200927734e+00 0.000000000000000000e+00 1.123945951461791992e+00 -0.000000000000000000e+00 1.251344084739685059e+00 -0.000000000000000000e+00 6.507434844970703125e-01 0.000000000000000000e+00
4.723065793514251709e-01 7.100408077239990234e-01 -0.000000000000000000e+00 1.292661547660827637e+00 0.000000000000000000e+00 -0.000000000000000000e+00 -8.328016847372055054e-02 5.665805339813232422e-01 6.904627084732055664e-01 1.216291546821594238e+00
1.156722784042358398e+00 -0.000000000000000000e+00 1.468869924545288086e+00 1.485852360725402832e+00 -0.000000000000000000e+00 0.000000000000000000e+00 9.524645209312438965e-01 -0.000000000000000000e+00 -0.000000000000000000e+00 1.036208629608154297e+00
-0.000000000000000000e+00 -0.000000000000000000e+00 7.858712077140808105e-01 0.000000000000000000e+00 -0.000000000000000000e+00 -0.000000000000000000e+00 0.000000000000000000e+00 -0.000000000000000000e+00 0.000000000000000000e+00 -0.000000000000000000e+00
0.000000000000000000e+00 -3.117453753948211670e-01 0.000000000000000000e+00 1.171844720840454102e+00 0.000000000000000000e+00 1.685656785964965820e+00 -0.000000000000000000e+00 0.000000000000000000e+00 0.000000000000000000e+00 -0.000000000000000000e+00
8.943765163421630859e-01 2.513706386089324951e-01 0.000000000000000000e+00 1.290600180625915527e+00 1.606068849563598633e+00 -0.000000000000000000e+00 9.958846569061279297e-01 5.841223001480102539e-01 4.211531877517700195e-01 0.000000000000000000e+00
-0.000000000000000000e+00 -1.139655470848083496e+00 -0.000000000000000000e+00 0.000000000000000000e+00 0.000000000000000000e+00 -1.995325446128845215e+00 -9.919049739837646484e-01 -0.000000000000000000e+00 -2.520895004272460938e-01 0.000000000000000000e+00
-0.000000000000000000e+00 7.687101960182189941e-01 6.532793641090393066e-01 0.000000000000000000e+00 1.400918602943420410e+00 1.157222867012023926e+00 -0.000000000000000000e+00 0.000000000000000000e+00 1.711536198854446411e-01 -0.000000000000000000e+00
-0.000000000000000000e+00 0.000000000000000000e+00 -7.165766358375549316e-01 1.147233963012695312e+00 1.676999211311340332e+00 1.842972874641418457e+00 1.368270993232727051e+00 -0.000000000000000000e+00 0.000000000000000000e+00 -0.000000000000000000e+00
6.781534552574157715e-01 -0.000000000000000000e+00 -0.000000000000000000e+00 -0.000000000000000000e+00 7.381638884544372559e-01 0.000000000000000000e+00 0.000000000000000000e+00 1.164476513862609863e+00 -0.000000000000000000e+00 1.193001508712768555e+00
3.622471094131469727e-01 0.000000000000000000e+00 0.000000000000000000e+00 -0.000000000000000000e+00 1.097170829772949219e+00 0.000000000000000000e+00 -0.000000000000000000e+00 1.612065136432647705e-01 -0.000000000000000000e+00 -0.000000000000000000e+00
-0.000000000000000000e+00 4.554103910923004150e-01 0.000000000000000000e+00 0.000000000000000000e+00 -1.682466268539428711e+00 -0.000000000000000000e+00 1.380023121833801270e+00 -0.000000000000000000e+00 -0.000000000000000000e+00 0.000000000000000000e+00
-0.000000000000000000e+00 -0.000000000000000000e+00 0.000000000000000000e+00 1.327323913574218750e+00 -0.000000000000000000e+00 0.000000000000000000e+00 0.000000000000000000e+00 0.000000000000000000e+00 1.112872242927551270e+00 7.755728363990783691e-01
1.016063213348388672e+00 0.000000000000000000e+00 -0.000000000000000000e+00 0.000000000000000000e+00 -1.402396056801080704e-02 -0.000000000000000000e+00 0.000000000000000000e+00 8.922918438911437988e-01 3.225958347320556641e-01 -0.000000000000000000e+00
1.663460254669189453e+00 1.208622455596923828e+00 0.000000000000000000e+00 6.449737548828125000e-01 1.454416275024414062e+00 5.325117707252502441e-01 -0.000000000000000000e+00 -0.000000000000000000e+00 0.000000000000000000e+00 1.172417998313903809e+00
3.051900267601013184e-01 2.062441825866699219e+00 1.204732179641723633e+00 1.089326739311218262e+00 -2.975990176200866699e-01 1.118452191352844238e+00 -0.000000000000000000e+00 -0.000000000000000000e+00 7.331271767616271973e-01 1.149469137191772461e+00
5.566943883895874023e-01 1.389283657073974609e+00 2.392796993255615234e+00 0.000000000000000000e+00 1.945564389228820801e+00 8.428771495819091797e-01 9.870288968086242676e-01 -7.427750825881958008e-01 1.611592054367065430e+00 -3.410916328430175781e-01
9.720342755317687988e-01 -0.000000000000000000e+00 1.684047937393188477e+00 6.097245216369628906e-01 -0.000000000000000000e+00 4.994073212146759033e-01 1.172915697097778320e+00 -0.000000000000000000e+00 1.277507305145263672e+00 4.900138974189758301e-01
2.824517190456390381e-01 -0.000000000000000000e+00 5.037419795989990234e-01 0.000000000000000000e+00 -0.000000000000000000e+00 1.277662277221679688e+00 -0.000000000000000000e+00 0.000000000000000000e+00 4.495740234851837158e-01 3.605580031871795654e-01
8.474290966987609863e-01 -2.266280174255371094e+00 -0.000000000000000000e+00 -0.000000000000000000e+00 -3.832744359970092773e-01 -0.000000000000000000e+00 -0.000000000000000000e+00 -0.000000000000000000e+00 1.687614470720291138e-01 0.000000000000000000e+00
4.727199375629425049e-01 0.000000000000000000e+00 1.125292301177978516e+00 1.602620720863342285e+00 1.263427853584289551e+00 -5.915294885635375977e-01 3.309671953320503235e-02 0.000000000000000000e+00 6.895423531532287598e-01 -0.000000000000000000e+00
0.000000000000000000e+00 -1.303678989410400391e+00 -0.000000000000000000e+00 -2.022823572158813477e+00 -0.000000000000000000e+00 -0.000000000000000000e+00 0.000000000000000000e+00 -0.000000000000000000e+00 -4.226446449756622314e-01 0.000000000000000000e+00
-0.000000000000000000e+00 7.024077177047729492e-01 -0.000000000000000000e+00 1.523241877555847168e+00 0.000000000000000000e+00 -0.000000000000000000e+00 0.000000000000000000e+00 1.404190421104431152e+00 0.000000000000000000e+00 7.137376070022583008e-01
1.562744855880737305e+00 1.285181999206542969e+00 4.816783964633941650e-01 6.105340719223022461e-01 0.000000000000000000e+00 -0.000000000000000000e+00 1.382674574851989746e+00 0.000000000000000000e+00 -0.000000000000000000e+00 1.866667270660400391e-01
8.700984120368957520e-01 0.000000000000000000e+00 0.000000000000000000e+00 -0.000000000000000000e+00 1.921182125806808472e-01 0.000000000000000000e+00 1.269032955169677734e+00 -2.189367771148681641e+00 -0.000000000000000000e+00 1.332111358642578125e+00
0.000000000000000000e+00 -0.000000000000000000e+00 -0.000000000000000000e+00 0.000000000000000000e+00 0.000000000000000000e+00 -0.000000000000000000e+00 5.291875600814819336e-01 -0.000000000000000000e+00 9.025757014751434326e-02 1.060350894927978516e+00
-0.000000000000000000e+00 0.000000000000000000e+00 7.560281753540039062e-01 -0.000000000000000000e+00 1.752725481986999512e+00 5.985462069511413574e-01 2.709623659029603004e-03 1.775397658348083496e+00 0.000000000000000000e+00 -0.000000000000000000e+00
1.051097154617309570e+00 -0.000000000000000000e+00 -0.000000000000000000e+00 0.000000000000000000e+00 -0.000000000000000000e+00 1.082180023193359375e+00 3.553046286106109619e-01 0.000000000000000000e+00 -0.000000000000000000e+00 1.717870593070983887e+00
0.000000000000000000e+00 -0.000000000000000000e+00 0.000000000000000000e+00 0.000000000000000000e+00 6.304032206535339355e-01 0.000000000000000000e+00 7.148054242134094238e-01 0.000000000000000000e+00 6.662341952323913574e-02 -0.000000000000000000e+00
-0.000000000000000000e+00 0.000000000000000000e+00 0.000000000000000000e+00 -0.000000000000000000e+00 0.000000000000000000e+00 -0.000000000000000000e+00 -3.297620773315429688e+00 -0.000000000000000000e+00 -0.000000000000000000e+00 0.000000000000000000e+00
0.000000000000000000e+00 -1.854637384414672852e+00 -0.000000000000000000e+00 -0.000000000000000000e+00 0.000000000000000000e+00 -0.000000000000000000e+00 -0.000000000000000000e+00 -0.000000000000000000e+00 -0.000000000000000000e+00 0.000000000000000000e+00
-3.216311335563659668e-01 0.000000000000000000e+00 -0.000000000000000000e+00 -0.000000000000000000e+00 0.000000000000000000e+00 -0.000000000000000000e+00 -0.000000000000000000e+00 8.489060401916503906e-01 1.304175376892089844e+00 0.000000000000000000e+00
9.842553734779357910e-01 0.000000000000000000e+00 5.416210293769836426e-01 0.000000000000000000e+00 0.000000000000000000e+00 -0.000000000000000000e+00 -3.486250936985015869e-01 -0.000000000000000000e+00 3.525856137275695801e-01 -0.000000000000000000e+00
-0.000000000000000000e+00 6.059315204620361328e-01 9.351148009300231934e-01 -0.000000000000000000e+00 1.497635006904602051e+00 3.243748843669891357e-01 5.330822467803955078e-01 1.534083724021911621e+00 0.000000000000000000e+00 0.000000000000000000e+00
4.648896455764770508e-01 -0.000000000000000000e+00 3.833759427070617676e-01 -0.000000000000000000e+00 8.799734115600585938e-01 0.000000000000000000e+00 0.000000000000000000e+00 0.000000000000000000e+00 8.278524279594421387e-01 -0.000000000000000000e+00
0.000000000000000000e+00 -0.000000000000000000e+00 8.445617556571960449e-01 3.270596861839294434e-01 1.445280551910400391e+00 0.000000000000000000e+00 3.787354826927185059e-01 1.971115469932556152e+00 0.000000000000000000e+00 1.083545088768005371e+00
-0.000000000000000000e+00 7.722941637039184570e-01 -0.000000000000000000e+00 0.000000000000000000e+00 9.213487617671489716e-03 1.033254384994506836e+00 2.693396434187889099e-02 0.000000000000000000e+00 2.895558476448059082e-01 1.080115199089050293e+00
-0.000000000000000000e+00 9.186556935310363770e-02 0.000000000000000000e+00 0.000000000000000000e+00 -0.000000000000000000e+00 -0.000000000000000000e+00 1.848421692848205566e+00 0.000000000000000000e+00 -9.965653419494628906e-01 -5.687636733055114746e-01
-0.000000000000000000e+00 -0.000000000000000000e+00 -0.000000000000000000e+00 1.142276644706726074e+00 4.771909713745117188e-01 3.530901074409484863e-01 4.007775187492370605e-01 0.000000000000000000e+00 -0.000000000000000000e+00 5.744752287864685059e-01
-0.000000000000000000e+00 -7.053527832031250000e-01 -3.965335190296173096e-01 0.000000000000000000e+00 -0.000000000000000000e+00 -0.000000000000000000e+00 1.284764766693115234e+00 9.997605681419372559e-01 9.711272120475769043e-01 6.686419248580932617e-01
2.557810544967651367e-01 9.469257295131683350e-02 4.957794845104217529e-01 -0.000000000000000000e+00 0.000000000000000000e+00 0.000000000000000000e+00 1.561004966497421265e-01 -0.000000000000000000e+00 1.461485147476196289e+00 5.821162462234497070e-01
1.267899751663208008e+00 3.252059221267700195e-01 0.000000000000000000e+00 1.690625786781311035e+00 0.000000000000000000e+00 1.467225432395935059e+00 8.298537135124206543e-01 -0.000000000000000000e+00 -0.000000000000000000e+00 1.159947067499160767e-01
0.000000000000000000e+00 0.000000000000000000e+00 -0.000000000000000000e+00 0.000000000000000000e+00 -1.633218377828598022e-01 1.643572151660919189e-01 -8.258846402168273926e-02 0.000000000000000000e+00 1.878994941711425781e+00 1.738670229911804199e+00
-0.000000000000000000e+00 0.000000000000000000e+00 1.428165197372436523e+00 9.998818635940551758e-01 -2.814115583896636963e-01 -0.000000000000000000e+00 -2.442172616720199585e-01 0.000000000000000000e+00 1.724098026752471924e-01 0.000000000000000000e+00
-1.715894639492034912e-01 5.022767782211303711e-01 1.285933375358581543e+00 1.417749404907226562e+00 1.124795079231262207e+00 -0.000000000000000000e+00 -0.000000000000000000e+00 -0.000000000000000000e+00 3.879949450492858887e-01 0.000000000000000000e+00
1.577572941780090332e+00 -0.000000000000000000e+00 6.633006930351257324e-01 0.000000000000000000e+00 -0.000000000000000000e+00 -0.000000000000000000e+00 -0.000000000000000000e+00 8.844496607780456543e-01 1.561963200569152832e+00 -1.613090395927429199e+00
4.758564531803131104e-01 -0.000000000000000000e+00 -0.000000000000000000e+00 0.000000000000000000e+00 8.214311003684997559e-01 0.000000000000000000e+00 -6.898629665374755859e-02 0.000000000000000000e+00 0.000000000000000000e+00 0.000000000000000000e+00
4.879440963268280029e-01 1.795455694198608398e+00 -0.000000000000000000e+00 0.000000000000000000e+00 -0.000000000000000000e+00 0.000000000000000000e+00 1.223973408341407776e-01 0.000000000000000000e+00 1.694027066230773926e+00 1.504234910011291504e+00
-0.000000000000000000e+00 -0.000000000000000000e+00 -0.000000000000000000e+00 6.048144698143005371e-01 -0.000000000000000000e+00 0.000000000000000000e+00 0.000000000000000000e+00 0.000000000000000000e+00 0.000000000000000000e+00 0.000000000000000000e+00
1.805247515439987183e-01 0.000000000000000000e+00 -0.000000000000000000e+00 1.683735288679599762e-02 -0.000000000000000000e+00 0.000000000000000000e+00 1.390823245048522949e+00 0.000000000000000000e+00 4.264865219593048096e-01 4.704850912094116211e-01
0.000000000000000000e+00 -0.000000000000000000e+00 -0.000000000000000000e+00 -0.000000000000000000e+00 -1.264073967933654785e+00 -2.369077950716018677e-01 -4.726178348064422607e-01 0.000000000000000000e+00 -2.305181980133056641e+00 0.000000000000000000e+00
-1.798956036567687988e+00 0.000000000000000000e+00 9.464899897575378418e-01 -1.935042977333068848e+00 0.000000000000000000e+00 0.000000000000000000e+00 4.777156710624694824e-01 0.000000000000000000e+00 -0.000000000000000000e+00 -0.000000000000000000e+00
0.000000000000000000e+00 7.405132651329040527e-01 1.729710996150970459e-01 0.000000000000000000e+00 3.763431906700134277e-01 1.115785002708435059e+00 -0.000000000000000000e+00 0.000000000000000000e+00 -0.000000000000000000e+00 7.716620564460754395e-01
6.993489861488342285e-01 0.000000000000000000e+00 -0.000000000000000000e+00 0.000000000000000000e+00 1.401028156280517578e+00 0.000000000000000000e+00 -0.000000000000000000e+00 1.767625689506530762e+00 4.117676615715026855e-01 8.670630455017089844e-01
-2.356716804206371307e-02 8.456112146377563477e-01 -0.000000000000000000e+00 -0.000000000000000000e+00 0.000000000000000000e+00 0.000000000000000000e+00 1.797591924667358398e+00 8.964118957519531250e-01 0.000000000000000000e+00 2.226612865924835205e-01
-0.000000000000000000e+00 9.041738510131835938e-01 0.000000000000000000e+00 -0.000000000000000000e+00 0.000000000000000000e+00 -0.000000000000000000e+00 -0.000000000000000000e+00 -0.000000000000000000e+00 9.704794287681579590e-01 5.978317856788635254e-01
1.400923848152160645e+00 -3.287417888641357422e-01 2.230184823274612427e-01 -0.000000000000000000e+00 3.539531230926513672e-01 -0.000000000000000000e+00 3.277807831764221191e-01 -0.000000000000000000e+00 1.393779397010803223e+00 0.000000000000000000e+00
0.000000000000000000e+00 1.352354884147644043e+00 9.374184608459472656e-01 4.286127984523773193e-01 0.000000000000000000e+00 7.400254011154174805e-01 1.898610949516296387e+00 2.142903327941894531e+00 6.433016657829284668e-01 1.879147291183471680e+00
0.000000000000000000e+00 0.000000000000000000e+00 -0.000000000000000000e+00 0.000000000000000000e+00 0.000000000000000000e+00 -0.000000000000000000e+00 1.368916779756546021e-01 -1.689757347106933594e+00 -3.041662931442260742e+00 0.000000000000000000e+00
0.000000000000000000e+00 -0.000000000000000000e+00 0.000000000000000000e+00 -1.560166120529174805e+00 0.000000000000000000e+00 -0.000000000000000000e+00 -0.000000000000000000e+00 -0.000000000000000000e+00 0.000000000000000000e+00 -8.765385150909423828e-01
1.177332162857055664e+00 1.533820033073425293e-01 2.619013786315917969e-01 0.000000000000000000e+00 0.000000000000000000e+00 -0.000000000000000000e+00 4.037044346332550049e-01 1.062087059020996094e+00 1.271175026893615723e+00 3.554729521274566650e-01
1.003564953804016113e+00 0.000000000000000000e+00 -0.000000000000000000e+00 0.000000000000000000e+00 -0.000000000000000000e+00 -1.359833627939224243e-01 9.777972102165222168e-01 1.595230937004089355e+00 4.523817077279090881e-02 0.000000000000000000e+00
-3.068723082542419434e-01 -1.737503409385681152e-01 0.000000000000000000e+00 0.000000000000000000e+00 -0.000000000000000000e+00 1.026981830596923828e+00 -0.000000000000000000e+00 -0.000000000000000000e+00 -2.300721257925033569e-01 -2.412280738353729248e-01
6.671192646026611328e-01 -1.325348734855651855e+00 8.247780203819274902e-01 -0.000000000000000000e+00 3.269166350364685059e-01 0.000000000000000000e+00 -0.000000000000000000e+00 0.000000000000000000e+00 9.479559659957885742e-01 9.180139899253845215e-01
2.326937019824981689e-01 0.000000000000000000e+00 0.000000000000000000e+00 -0.000000000000000000e+00 0.000000000000000000e+00 -2.726593971252441406e+00 -1.292672008275985718e-01 -0.000000000000000000e+00 -9.896941781044006348e-01 0.000000000000000000e+00
1.809793233871459961e+00 2.170575141906738281e+00 0.000000000000000000e+00 6.669657826423645020e-01 9.425519704818725586e-01 2.847382426261901855e-02 2.040431737899780273e+00 7.529727816581726074e-01 -0.000000000000000000e+00 8.122140765190124512e-01
0.000000000000000000e+00 1.260759711265563965e+00 7.046511769294738770e-02 0.000000000000000000e+00 1.245975017547607422e+00 0.000000000000000000e+00 -0.000000000000000000e+00 0.000000000000000000e+00 1.239567756652832031e+00 1.161438584327697754e+00
1.587677001953125000e+00 4.490090906620025635e-01 -0.000000000000000000e+00 -0.000000000000000000e+00 7.939486503601074219e-01 0.000000000000000000e+00 0.000000000000000000e+00 -0.000000000000000000e+00 1.018697738647460938e+00 -0.000000000000000000e+00
-0.000000000000000000e+00 2.480947971343994141e+00 0.000000000000000000e+00 0.000000000000000000e+00 -0.000000000000000000e+00 0.000000000000000000e+00 -0.000000000000000000e+00 -6.529123783111572266e-01 -3.960386216640472412e-01 2.004098892211914062e+00
0.000000000000000000e+00 -0.000000000000000000e+00 9.155094623565673828e-01 1.475115537643432617e+00 0.000000000000000000e+00 1.770881414413452148e+00 0.000000000000000000e+00 0.000000000000000000e+00 1.160927653312683105e+00 0.000000000000000000e+00
-0.000000000000000000e+00 6.606906652450561523e-01 0.000000000000000000e+00 0.000000000000000000e+00 1.136254310607910156e+00 -0.000000000000000000e+00 1.110873103141784668e+00 -1.342830955982208252e-01 -0.000000000000000000e+00 0.000000000000000000e+00
0.000000000000000000e+00 1.604422569274902344e+00 -8.252375125885009766e-01 0.000000000000000000e+00 -7.378123700618743896e-02 6.590551733970642090e-01 -1.311937421560287476e-01 0.000000000000000000e+00 -0.000000000000000000e+00 9.909223914146423340e-01
6.706060767173767090e-01 9.409720897674560547e-01 0.000000000000000000e+00 2.085315704345703125e+00 8.458724617958068848e-01 1.623601436614990234e+00 1.316909313201904297e+00 0.000000000000000000e+00 -0.000000000000000000e+00 2.850012481212615967e-01
8.963068723678588867e-01 -0.000000000000000000e+00 5.051235556602478027e-01 1.097679138183593750e+00 3.335201367735862732e-02 2.251019142568111420e-02 -0.000000000000000000e+00 -0.000000000000000000e+00 -0.000000000000000000e+00 1.761482119560241699e+00
-3.219986259937286377e-01 0.000000000000000000e+00 -0.000000000000000000e+00 0.000000000000000000e+00 0.000000000000000000e+00 0.000000000000000000e+00 -0.000000000000000000e+00 -7.812367677688598633e-01 -2.164893388748168945e+00 0.000000000000000000e+00
-0.000000000000000000e+00 0.000000000000000000e+00 -0.000000000000000000e+00 -0.000000000000000000e+00 -4.250184893608093262e-01 1.145863533020019531e+00 0.000000000000000000e+00 1.093538880348205566e+00 -0.000000000000000000e+00 8.723782896995544434e-01
-1.895200908184051514e-01 4.589662551879882812e-01 0.000000000000000000e+00 -0.000000000000000000e+00 -2.460890054702758789e+00 -0.000000000000000000e+00 -9.564260840415954590e-01 -0.000000000000000000e+00 -3.815882652997970581e-02 0.000000000000000000e+00
-0.000000000000000000e+00 0.000000000000000000e+00 0.000000000000000000e+00 0.000000000000000000e+00 -2.360834598541259766e+00 -0.000000000000000000e+00 8.361763954162597656e-01 1.029544830322265625e+00 -0.000000000000000000e+00 -9.161453926935791969e-04
1.268419504165649414e+00 1.118645444512367249e-01 -9.811216592788696289e-01 0.000000000000000000e+00 0.000000000000000000e+00 -0.000000000000000000e+00 1.481528282165527344e+00 -0.000000000000000000e+00 1.590789675712585449e+00 0.000000000000000000e+00
-0.000000000000000000e+00 4.604588747024536133e-01 1.541898012161254883e+00 -0.000000000000000000e+00 6.463149785995483398e-01 1.264901399612426758e+00 0.000000000000000000e+00 -0.000000000000000000e+00 3.898405432701110840e-01 4.153995811939239502e-01
0.000000000000000000e+00 0.000000000000000000e+00 -0.000000000000000000e+00 1.194800257682800293e+00 -0.000000000000000000e+00 1.486085414886474609e+00 1.234551906585693359e+00 -0.000000000000000000e+00 6.883167028427124023e-01 1.197300672531127930e+00
1.239187479019165039e+00 1.216675043106079102e+00 3.455809354782104492e-01 0.000000000000000000e+00 3.978055715560913086e-01 0.000000000000000000e+00 1.693715214729309082e+00 2.097276151180267334e-01 -0.000000000000000000e+00 1.272072553634643555e+00
0.000000000000000000e+00 -1.239634871482849121e+00 1.154000043869018555e+00 -0.000000000000000000e+00 1.497209429740905762e+00 -0.000000000000000000e+00 -0.000000000000000000e+00 -0.000000000000000000e+00 1.018182277679443359e+00 0.000000000000000000e+00
-0.000000000000000000e+00 8.842381238937377930e-01 1.235703587532043457e+00 -0.000000000000000000e+00 1.147416830062866211e+00 -0.000000000000000000e+00 -0.000000000000000000e+00 1.311641812324523926e+00 -0.000000000000000000e+00 0.000000000000000000e+00
-0.000000000000000000e+00 0.000000000000000000e+00 8.180728554725646973e-01 -0.000000000000000000e+00 -0.000000000000000000e+00 1.450657725334167480e+00 -2.770682275295257568e-01 2.486013621091842651e-01 -0.000000000000000000e+00 -8.384254574775695801e-02
9.251791983842849731e-02 -0.000000000000000000e+00 9.897780418395996094e-01 3.856529891490936279e-01 -1.961183249950408936e-01 1.224500417709350586e+00 0.000000000000000000e+00 1.302768707275390625e+00 1.814564466476440430e+00 0.000000000000000000e+00
-0.000000000000000000e+00 -6.140162423253059387e-02 0.000000000000000000e+00 0.000000000000000000e+00 -0.000000000000000000e+00 0.000000000000000000e+00 1.125648379325866699e+00 0.000000000000000000e+00 4.083615541458129883e-01 -1.981640048325061798e-02
4.939707517623901367e-01 -0.000000000000000000e+00 1.701334595680236816e+00 1.253850936889648438e+00 0.000000000000000000e+00 7.767844200134277344e-01 8.597434759140014648e-01 -0.000000000000000000e+00 4.008171856403350830e-01 7.461249083280563354e-02
0.000000000000000000e+00 1.412248134613037109e+00 0.000000000000000000e+00 0.000000000000000000e+00 1.084875687956809998e-01 -0.000000000000000000e+00 -0.000000000000000000e+00 -0.000000000000000000e+00 -0.000000000000000000e+00 -8.744630813598632812e-01
7.333087921142578125e-01 -5.413376688957214355e-01 1.126432180404663086e+00 -0.000000000000000000e+00 8.336225152015686035e-01 -0.000000000000000000e+00 -0.000000000000000000e+00 -1.951684951782226562e+00 -0.000000000000000000e+00 0.000000000000000000e+00
5.907119512557983398e-01 2.116741985082626343e-01 9.436056017875671387e-01 0.000000000000000000e+00 -0.000000000000000000e+00 1.488436818122863770e+00 4.003750160336494446e-03 8.894285559654235840e-01 3.890812024474143982e-02 1.013350337743759155e-01
0.000000000000000000e+00 1.726323217153549194e-01 9.847538471221923828e-01 -0.000000000000000000e+00 0.000000000000000000e+00 -0.000000000000000000e+00 1.348755478858947754e+00 -0.000000000000000000e+00 6.682756543159484863e-01 4.452499449253082275e-01
-0.000000000000000000e+00 -0.000000000000000000e+00 0.000000000000000000e+00 -0.000000000000000000e+00 3.969541192054748535e-01 1.262354850769042969e+00 -0.000000000000000000e+00 1.446171164512634277e+00 -0.000000000000000000e+00 7.484031915664672852e-01
1.610598415136337280e-01 0.000000000000000000e+00 -0.000000000000000000e+00 9.892944693565368652e-01 0.000000000000000000e+00 7.372915148735046387e-01 0.000000000000000000e+00 -2.125232458114624023e+00 4.799297153949737549e-01 0.000000000000000000e+00
1.482401639223098755e-01 -1.536656767129898071e-01 7.017516493797302246e-01 2.128484725952148438e+00 1.785749435424804688e+00 1.869036912918090820e+00 -0.000000000000000000e+00 1.370556950569152832e+00 3.357498347759246826e-01 6.419928073883056641e-01
1.020440220832824707e+00 1.196862459182739258e+00 1.910186409950256348e-01 9.367550015449523926e-01 1.576025247573852539e+00 -0.000000000000000000e+00 -0.000000000000000000e+00 2.095785588026046753e-01 0.000000000000000000e+00 1.189340233802795410e+00
0.000000000000000000e+00 -2.867142438888549805e+00 0.000000000000000000e+00 -5.573101639747619629e-01 0.000000000000000000e+00 -9.406172633171081543e-01 6.263387203216552734e-02 -0.000000000000000000e+00 -0.000000000000000000e+00 0.000000000000000000e+00
-4.174197837710380554e-02 2.595244348049163818e-01 2.927200198173522949e-01 0.000000000000000000e+00 1.498665809631347656e+00 0.000000000000000000e+00 1.560963392257690430e-01 0.000000000000000000e+00 -0.000000000000000000e+00 2.595012187957763672e-01
0.000000000000000000e+00 2.559602260589599609e-01 -0.000000000000000000e+00 1.105184197425842285e+00 1.076027393341064453e+00 0.000000000000000000e+00 1.998647898435592651e-01 -0.000000000000000000e+00 0.000000000000000000e+00 -0.000000000000000000e+00
0.000000000000000000e+00 1.387443780899047852e+00 -0.000000000000000000e+00 0.000000000000000000e+00 -0.000000000000000000e+00 0.000000000000000000e+00 -0.000000000000000000e+00 0.000000000000000000e+00 1.436311602592468262e+00 9.990133047103881836e-01
4.113125503063201904e-01 1.075021743774414062e+00 1.116984009742736816e+00 0.000000000000000000e+00 0.000000000000000000e+00 0.000000000000000000e+00 1.004418492317199707e+00 0.000000000000000000e+00 6.964658498764038086e-01 1.532865881919860840e+00
2.742720022797584534e-02 8.339287042617797852e-01 -0.000000000000000000e+00 1.291994690895080566e+00 0.000000000000000000e+00 -0.000000000000000000e+00 7.571204099804162979e-03 1.236381769180297852e+00 -1.578283682465553284e-02 0.000000000000000000e+00
5.855401754379272461e-01 9.589394330978393555e-01 1.593528389930725098e+00 4.878736734390258789e-01 1.647334575653076172e+00 -2.590304426848888397e-02 2.024030685424804688e+00 -0.000000000000000000e+00 1.826960682868957520e+00 1.509952306747436523e+00
1.553898692131042480e+00 -1.664319336414337158e-01 2.288286238908767700e-01 -0.000000000000000000e+00 0.000000000000000000e+00 -0.000000000000000000e+00 1.073914647102355957e+00 1.168768882751464844e+00 1.051403284072875977e+00 1.483410000801086426e-01
0.000000000000000000e+00 -0.000000000000000000e+00 -0.000000000000000000e+00 0.000000000000000000e+00 -1.971579074859619141e+00 0.000000000000000000e+00 -0.000000000000000000e+00 0.000000000000000000e+00 -7.302935123443603516e-01 -0.000000000000000000e+00
4.283098578453063965e-01 -0.000000000000000000e+00 8.218716382980346680e-01 0.000000000000000000e+00 -0.000000000000000000e+00 -0.000000000000000000e+00 1.203114748001098633e+00 0.000000000000000000e+00 -0.000000000000000000e+00 0.000000000000000000e+00
0.000000000000000000e+00 -6.443932652473449707e-01 -0.000000000000000000e+00 -0.000000000000000000e+00 0.000000000000000000e+00 -0.000000000000000000e+00 0.000000000000000000e+00 -0.000000000000000000e+00 -0.000000000000000000e+00 -1.309100508689880371e+00
-0.000000000000000000e+00 0.000000000000000000e+00 -0.000000000000000000e+00 0.000000000000000000e+00 -0.000000000000000000e+00 0.000000000000000000e+00 -3.803984224796295166e-01 1.648816704750061035e+00 -5.439227223396301270e-01 0.000000000000000000e+00
1.723114848136901855e+00 1.868632793426513672e+00 -0.000000000000000000e+00 9.476165771484375000e-01 -0.000000000000000000e+00 -0.000000000000000000e+00 0.000000000000000000e+00 7.912030816078186035e-01 1.720780849456787109e+00 1.546722769737243652e+00
5.576771497726440430e-01 4.253046512603759766e-01 -0.000000000000000000e+00 0.000000000000000000e+00 -0.000000000000000000e+00 1.191599965095520020e+00 0.000000000000000000e+00 0.000000000000000000e+00 0.000000000000000000e+00 -0.000000000000000000e+00
6.962099075317382812e-01 -0.000000000000000000e+00 -0.000000000000000000e+00 0.000000000000000000e+00 0.000000000000000000e+00 -0.000000000000000000e+00 -1.988714188337326050e-01 0.000000000000000000e+00 -0.000000000000000000e+00 0.000000000000000000e+00
0.000000000000000000e+00 0.000000000000000000e+00 9.193574786186218262e-01 -0.000000000000000000e+00 -2.826396524906158447e-01 0.000000000000000000e+00 3.940286338329315186e-01 -0.000000000000000000e+00 -2.049063295125961304e-01 1.216399192810058594e+00
0.000000000000000000e+00 -0.000000000000000000e+00 0.000000000000000000e+00 1.300895929336547852e+00 4.017578959465026855e-01 0.000000000000000000e+00 2.265035957098007202e-01 1.071937799453735352e+00 -0.000000000000000000e+00 0.000000000000000000e+00
0.000000000000000000e+00 7.171200513839721680e-01 -7.190390229225158691e-01 -0.000000000000000000e+00 0.000000000000000000e+00 1.416949987411499023e+00 -0.000000000000000000e+00 -0.000000000000000000e+00 7.673175334930419922e-01 -5.220350027084350586e-01
-0.000000000000000000e+00 5.372232198715209961e-01 2.454996705055236816e-01 0.000000000000000000e+00 1.063678741455078125e+00 0.000000000000000000e+00 2.065225988626480103e-01 1.466407895088195801e+00 5.362757444381713867e-01 4.755738973617553711e-01
2.427501082420349121e-01 0.000000000000000000e+00 -7.028964757919311523e-01 0.000000000000000000e+00 0.000000000000000000e+00 2.644873857498168945e-01 -0.000000000000000000e+00 5.468066930770874023e-01 1.805099129676818848e+00 0.000000000000000000e+00
0.000000000000000000e+00 -0.000000000000000000e+00 1.413371801376342773e+00 -0.000000000000000000e+00 0.000000000000000000e+00 7.628051638603210449e-01 -0.000000000000000000e+00 -0.000000000000000000e+00 8.882469534873962402e-01 5.285994410514831543e-01
-0.000000000000000000e+00 1.256036460399627686e-01 0.000000000000000000e+00 0.000000000000000000e+00 -0.000000000000000000e+00 0.000000000000000000e+00 7.357919812202453613e-01 0.000000000000000000e+00 0.000000000000000000e+00 4.673733562231063843e-02
0.000000000000000000e+00 0.000000000000000000e+00 -0.000000000000000000e+00 0.000000000000000000e+00 0.000000000000000000e+00 1.381926298141479492e+00 -0.000000000000000000e+00 1.164340138435363770e+00 -0.000000000000000000e+00 -0.000000000000000000e+00
0.000000000000000000e+00 1.811671972274780273e+00 1.223192438483238220e-01 7.476636171340942383e-01 0.000000000000000000e+00 0.000000000000000000e+00 9.148362278938293457e-01 -0.000000000000000000e+00 2.018928527832031250e+00 1.339783906936645508e+00
-4.472140669822692871e-01 0.000000000000000000e+00 0.000000000000000000e+00 0.000000000000000000e+00 0.000000000000000000e+00 -0.000000000000000000e+00 -0.000000000000000000e+00 -0.000000000000000000e+00 6.377311944961547852e-01 -2.794853448867797852e+00
-0.000000000000000000e+00 -1.319780349731445312e+00 9.546705484390258789e-01 7.515532970428466797e-01 0.000000000000000000e+00 9.021781384944915771e-02 -9.683213233947753906e-01 -2.760905265808105469e+00 -0.000000000000000000e+00 0.000000000000000000e+00
6.343376636505126953e-01 0.000000000000000000e+00 8.050088882446289062e-01 -6.959869265556335449e-01 0.000000000000000000e+00 -0.000000000000000000e+00 -0.000000000000000000e+00 -1.942565202713012695e+00 -1.088841585442423820e-03 -1.720322847366333008e+00
0.000000000000000000e+00 0.000000000000000000e+00 -1.168256282806396484e+00 -0.000000000000000000e+00 0.000000000000000000e+00 -0.000000000000000000e+00 -6.584693193435668945e-01 0.000000000000000000e+00 -0.000000000000000000e+00 -0.000000000000000000e+00
0.000000000000000000e+00 1.580291539430618286e-01 0.000000000000000000e+00 -0.000000000000000000e+00 1.000095009803771973e+00 -0.000000000000000000e+00 -0.000000000000000000e+00 1.033769011497497559e+00 -0.000000000000000000e+00 -2.393498897552490234e+00
-0.000000000000000000e+00 4.339383244514465332e-01 -0.000000000000000000e+00 -2.232125997543334961e+00 4.202264547348022461e-02 4.471338987350463867e-01 0.000000000000000000e+00 -0.000000000000000000e+00 3.876127600669860840e-01 2.754869461059570312e-01
-3.085295855998992920e-01 5.634456872940063477e-01 -0.000000000000000000e+00 0.000000000000000000e+00 1.045827031135559082e+00 1.248357295989990234e-01 4.618543982505798340e-01 -2.184297561645507812e+00 -0.000000000000000000e+00 0.000000000000000000e+00
-0.000000000000000000e+00 4.078414142131805420e-01 -2.809317350387573242e+00 2.877574861049652100e-01 0.000000000000000000e+00 3.688027560710906982e-01 -0.000000000000000000e+00 -0.000000000000000000e+00 -0.000000000000000000e+00 2.000811547040939331e-01
1.227997183799743652e+00 1.159232854843139648e+00 -0.000000000000000000e+00 0.000000000000000000e+00 0.000000000000000000e+00 0.000000000000000000e+00 1.064772605895996094e+00 0.000000000000000000e+00 -0.000000000000000000e+00 0.000000000000000000e+00
-0.000000000000000000e+00 0.000000000000000000e+00 -0.000000000000000000e+00 0.000000000000000000e+00 -0.000000000000000000e+00 -0.000000000000000000e+00 -1.622322440147399902e+00 0.000000000000000000e+00 1.443714261054992676e+00 0.000000000000000000e+00
0.000000000000000000e+00 -0.000000000000000000e+00 0.000000000000000000e+00 -0.000000000000000000e+00 0.000000000000000000e+00 0.000000000000000000e+00 3.459916412830352783e-01 0.000000000000000000e+00 1.499663829803466797e+00 2.892438173294067383e-01
9.105866551399230957e-01 0.000000000000000000e+00 0.000000000000000000e+00 -0.000000000000000000e+00 0.000000000000000000e+00 1.009588241577148438e+00 1.123584151268005371e+00 1.410778045654296875e+00 -0.000000000000000000e+00 1.696641087532043457e+00
1.130599975585937500e+00 0.000000000000000000e+00 1.420275807380676270e+00 -0.000000000000000000e+00 1.317663550376892090e+00 -0.000000000000000000e+00 2.075463533401489258e+00 3.001818656921386719e-01 1.000864744186401367e+00 0.000000000000000000e+00
0.000000000000000000e+00 0.000000000000000000e+00 1.258244991302490234e+00 0.000000000000000000e+00 1.137333869934082031e+00 -0.000000000000000000e+00 -7.255405187606811523e-01 -0.000000000000000000e+00 -0.000000000000000000e+00 -2.204732656478881836e+00
-0.000000000000000000e+00 1.946460753679275513e-01 2.609244883060455322e-01 0.000000000000000000e+00 1.192560195922851562e+00 0.000000000000000000e+00 -8.277336508035659790e-02 -0.000000000000000000e+00 -2.260494530200958252e-01 6.516754627227783203e-01
0.000000000000000000e+00 0.000000000000000000e+00 -0.000000000000000000e+00 5.789943337440490723e-01 -4.004429578781127930e-01 3.055582642555236816e-01 1.715535521507263184e+00 -7.633976340293884277e-01 -0.000000000000000000e+00 0.000000000000000000e+00
4.752914905548095703e-01 4.594030380249023438e-01 0.000000000000000000e+00 0.000000000000000000e+00 0.000000000000000000e+00 -1.199917435646057129e+00 1.355760693550109863e+00 -2.611695528030395508e-01 9.507394433021545410e-01 -0.000000000000000000e+00
3.080764412879943848e-01 -0.000000000000000000e+00 1.916381120681762695e+00 0.000000000000000000e+00 8.512992858886718750e-01 6.686506271362304688e-01 -0.000000000000000000e+00 -4.640062749385833740e-01 0.000000000000000000e+00 1.125166058540344238e+00
9.068383574485778809e-01 7.780299186706542969e-01 7.935402393341064453e-01 -0.000000000000000000e+00 1.056601762771606445e+00 0.000000000000000000e+00 3.653739690780639648e-01 1.931245088577270508e+00 2.070887684822082520e-01 1.096899986267089844e+00
0.000000000000000000e+00 1.134139776229858398e+00 -0.000000000000000000e+00 -0.000000000000000000e+00 0.000000000000000000e+00 6.046048998832702637e-01 0.000000000000000000e+00 0.000000000000000000e+00 0.000000000000000000e+00 -0.000000000000000000e+00
0.000000000000000000e+00 1.983620643615722656e+00 1.322512388229370117e+00 1.280699849128723145e+00 -0.000000000000000000e+00 5.223554745316505432e-02 1.786846280097961426e+00 -7.763631343841552734e-01 2.033059358596801758e+00 1.579653024673461914e+00
0.000000000000000000e+00 0.000000000000000000e+00 1.361303448677062988e+00 -0.000000000000000000e+00 0.000000000000000000e+00 -0.000000000000000000e+00 -9.160816669464111328e-02 -0.000000000000000000e+00 -4.945999681949615479e-01 -0.000000000000000000e+00
-6.202508211135864258e-01 2.335721254348754883e+00 -0.000000000000000000e+00 1.245179653167724609e+00 1.458137869834899902e+00 4.519870281219482422e-01 2.565825223922729492e+00 1.560844898223876953e+00 8.693178892135620117e-01 1.424931168556213379e+00
5.945460200309753418e-01 -5.748581290245056152e-01 4.712722897529602051e-01 -0.000000000000000000e+00 0.000000000000000000e+00 -0.000000000000000000e+00 -2.480001926422119141e+00 -1.482150793075561523e+00 -5.803226828575134277e-01 0.000000000000000000e+00
4.392192363739013672e-01 4.576929211616516113e-01 1.211981296539306641e+00 0.000000000000000000e+00 0.000000000000000000e+00 -0.000000000000000000e+00 1.683153986930847168e+00 -0.000000000000000000e+00 -0.000000000000000000e+00 0.000000000000000000e+00
7.113037705421447754e-01 9.257281422615051270e-01 3.111261129379272461e-01 0.000000000000000000e+00 -0.000000000000000000e+00 0.000000000000000000e+00 1.447367429733276367e+00 3.480329513549804688e-01 -0.000000000000000000e+00 1.004561305046081543e+00
-0.000000000000000000e+00 -2.420492619276046753e-01 0.000000000000000000e+00 0.000000000000000000e+00 1.103430151939392090e+00 0.000000000000000000e+00 0.000000000000000000e+00 0.000000000000000000e+00 0.000000000000000000e+00 -0.000000000000000000e+00
-8.896120190620422363e-01 -0.000000000000000000e+00 1.054311513900756836e+00 1.651997208595275879e+00 1.912346720695495605e+00 6.682976484298706055e-01 -0.000000000000000000e+00 3.126268684864044189e-01 0.000000000000000000e+00 5.913348793983459473e-01
1.225183486938476562e+00 0.000000000000000000e+00 1.523411393165588379e+00 5.471920967102050781e-01 7.675036787986755371e-01 1.699926614761352539e+00 -0.000000000000000000e+00 9.198580980300903320e-01 0.000000000000000000e+00 -3.353022038936614990e-02
-0.000000000000000000e+00 1.124089837074279785e+00 0.000000000000000000e+00 5.202164053916931152e-01 7.691400051116943359e-01 -7.289814949035644531e-01 -0.000000000000000000e+00 1.799828290939331055e+00 0.000000000000000000e+00 0.000000000000000000e+00
9.885283112525939941e-01 0.000000000000000000e+00 1.468836069107055664e+00 -0.000000000000000000e+00 0.000000000000000000e+00 0.000000000000000000e+00 -0.000000000000000000e+00 1.025061964988708496e+00 -8.782799839973449707e-01 6.871212720870971680e-01
6.916507482528686523e-01 0.000000000000000000e+00 1.493211865425109863e+00 8.069100975990295410e-01 8.973017930984497070e-01 -0.000000000000000000e+00 0.000000000000000000e+00 0.000000000000000000e+00 7.978947162628173828e-01 0.000000000000000000e+00
0.000000000000000000e+00 -1.094807088375091553e-01 -0.000000000000000000e+00 0.000000000000000000e+00 0.000000000000000000e+00 -0.000000000000000000e+00 0.000000000000000000e+00 1.324018001556396484e+00 0.000000000000000000e+00 -0.000000000000000000e+00
0.000000000000000000e+00 6.586813926696777344e-01 -0.000000000000000000e+00 0.000000000000000000e+00 0.000000000000000000e+00 0.000000000000000000e+00 -1.098537445068359375e+00 2.523838996887207031e+00 1.238911151885986328e-01 -0.000000000000000000e+00
-0.000000000000000000e+00 2.344890981912612915e-01 1.353274106979370117e+00 0.000000000000000000e+00 1.036051392555236816e+00 0.000000000000000000e+00 6.947779655456542969e-01 0.000000000000000000e+00 1.068992495536804199e+00 4.510232508182525635e-01
-0.000000000000000000e+00 0.000000000000000000e+00 -0.000000000000000000e+00 0.000000000000000000e+00 0.000000000000000000e+00 0.000000000000000000e+00 9.058986306190490723e-01 0.000000000000000000e+00 -0.000000000000000000e+00 -0.000000000000000000e+00
1.270105004310607910e+00 0.000000000000000000e+00 2.515529394149780273e-01 6.462293267250061035e-01 -0.000000000000000000e+00 1.987983584403991699e+00 2.623196840286254883e-01 1.493156075477600098e+00 1.043371677398681641e+00 1.449206829071044922e+00
1.346191287040710449e+00 5.197491049766540527e-01 5.331386327743530273e-01 1.576044440269470215e+00 -0.000000000000000000e+00 1.277253031730651855e+00 2.582183778285980225e-01 2.552644908428192139e-01 -0.000000000000000000e+00 -0.000000000000000000e+00
0.000000000000000000e+00 2.544544935226440430e-01 -0.000000000000000000e+00 0.000000000000000000e+00 6.554660201072692871e-01 0.000000000000000000e+00 -0.000000000000000000e+00 1.538336634635925293e+00 2.823784351348876953e-01 2.611413300037384033e-01
-3.916842043399810791e-01 8.282607793807983398e-01 -0.000000000000000000e+00 0.000000000000000000e+00 -2.835670113563537598e-01 1.876038551330566406e+00 4.289377629756927490e-01 0.000000000000000000e+00 1.155005916953086853e-01 6.072475910186767578e-01
1.192096829414367676e+00 0.000000000000000000e+00 -1.592983484268188477e+00 3.903198540210723877e-01 0.000000000000000000e+00 -0.000000000000000000e+00 -0.000000000000000000e+00 -0.000000000000000000e+00 -1.429467916488647461e+00 0.000000000000000000e+00
1.471468210220336914e+00 1.630382180213928223e+00 1.148492813110351562e+00 0.000000000000000000e+00 -0.000000000000000000e+00 0.000000000000000000e+00 -0.000000000000000000e+00 0.000000000000000000e+00 1.225572347640991211e+00 1.062455415725708008e+00
1.579363346099853516e+00 1.701064348220825195e+00 1.262538790702819824e+00 -6.525694131851196289e-01 -0.000000000000000000e+00 0.000000000000000000e+00 0.000000000000000000e+00 0.000000000000000000e+00 -2.571742534637451172e-01 1.654843211174011230e+00
-0.000000000000000000e+00 -4.362145364284515381e-01 -0.000000000000000000e+00 0.000000000000000000e+00 1.546958684921264648e+00 1.397623419761657715e+00 9.318417310714721680e-01 -0.000000000000000000e+00 1.244572162628173828e+00 0.000000000000000000e+00
-0.000000000000000000e+00 0.000000000000000000e+00 -0.000000000000000000e+00 1.666682362556457520e+00 4.391410052776336670e-01 1.743175506591796875e+00 1.633325576782226562e+00 1.796215415000915527e+00 7.183673977851867676e-02 0.000000000000000000e+00
6.405152082443237305e-01 9.528787136077880859e-01 1.121646285057067871e+00 0.000000000000000000e+00 -0.000000000000000000e+00 -0.000000000000000000e+00 -0.000000000000000000e+00 6.499618887901306152e-01 -0.000000000000000000e+00 0.000000000000000000e+00
-0.000000000000000000e+00 0.000000000000000000e+00 6.638153791427612305e-01 -0.000000000000000000e+00 7.599075436592102051e-01 -0.000000000000000000e+00 -8.670558035373687744e-02 0.000000000000000000e+00 9.014641493558883667e-02 -0.000000000000000000e+00
1.769911885261535645e+00 -3.889912366867065430e-02 0.000000000000000000e+00 -0.000000000000000000e+00 4.290306270122528076e-01 1.171492338180541992e+00 2.680667340755462646e-01 9.333758354187011719e-01 3.640536069869995117e-01 0.000000000000000000e+00
-0.000000000000000000e+00 1.323085188865661621e+00 0.000000000000000000e+00 -0.000000000000000000e+00 -0.000000000000000000e+00 0.000000000000000000e+00 -0.000000000000000000e+00 2.408033311367034912e-01 1.194465517997741699e+00 1.122493267059326172e+00
-1.346316814422607422e+00 0.000000000000000000e+00 -0.000000000000000000e+00 0.000000000000000000e+00 -0.000000000000000000e+00 0.000000000000000000e+00 4.507057964801788330e-01 1.584503412246704102e+00 -0.000000000000000000e+00 1.322983384132385254e+00
-0.000000000000000000e+00 0.000000000000000000e+00 -0.000000000000000000e+00 -0.000000000000000000e+00 0.000000000000000000e+00 1.165583610534667969e+00 3.436168134212493896e-01 -0.000000000000000000e+00 -0.000000000000000000e+00 1.119744062423706055e+00
8.150644898414611816e-01 0.000000000000000000e+00 8.691105842590332031e-01 1.751246213912963867e+00 1.236778736114501953e+00 -0.000000000000000000e+00 -6.308920383453369141e-01 -0.000000000000000000e+00 -0.000000000000000000e+00 0.000000000000000000e+00
0.000000000000000000e+00 1.714206933975219727e+00 1.218551117926836014e-02 1.079408049583435059e+00 1.612155318260192871e+00 -0.000000000000000000e+00 -4.674950242042541504e-01 1.874211192131042480e+00 5.937063694000244141e-01 1.219756722450256348e+00
-0.000000000000000000e+00 0.000000000000000000e+00 -0.000000000000000000e+00 -0.000000000000000000e+00 0.000000000000000000e+00 -0.000000000000000000e+00 -1.701571583747863770e+00 -0.000000000000000000e+00 -0.000000000000000000e+00 -7.380500435829162598e-02
-0.000000000000000000e+00 3.543973565101623535e-01 1.084097862243652344e+00 1.231806397438049316e+00 1.450731635093688965e+00 -0.000000000000000000e+00 -0.000000000000000000e+00 -9.938091039657592773e-02 -0.000000000000000000e+00 6.666540503501892090e-01
